radix	4	3	3	3	1	1	4	4	4	4	1	4	1	1	1	1	1	1	1	1	1	1
io	i	i	i	i	i	i	i	i	i	i	i	i	i	i	i	i	i	i	i	i	i	i
vname	OP<[3:0]>	Sa<[2:0]>	Sb<[2:0]>	Sd<[2:0]>	I_SEL	LOAD	IMM<[15:12]>	IMM<[11:8]>	IMM<[7:4]>	IMM<[3:0]>	MEM_WA<4>	MEM_WA<[3:0]>	RF_WE	WRITE_EN	READ_EN	clk	~clk	ADD0SUB1	AND0OR1	SFR0SFL1	LoadI	ALU_EN
slope	0.01
vih	1.8
tunit	ns
0.0	0	0	0	0	1	0	0	0	1	f	0	b	0	1	0	0	1	0	0	0	0	0
2.0	0	0	0	0	1	0	0	0	1	f	0	b	0	1	0	1	0	0	0	0	0	0
4.0	0	0	0	0	1	0	0	0	0	f	1	0	0	1	0	0	1	0	0	0	0	0
6.0	0	0	0	0	1	0	0	0	0	f	1	0	0	1	0	1	0	0	0	0	0	0
8.0	0	0	0	0	1	0	0	0	f	e	1	1	0	1	0	0	1	0	0	0	0	0
10.0	0	0	0	0	1	0	0	0	f	e	1	1	0	1	0	1	0	0	0	0	0	0
12.0	0	0	0	1	1	1	0	0	0	2	0	0	1	0	0	0	1	0	0	0	0	0
14.0	0	0	0	1	1	1	0	0	0	2	0	0	1	0	0	1	0	0	0	0	0	0
16.0	0	0	0	2	0	1	0	0	0	0	0	b	0	0	1	0	1	0	0	0	1	0
18.0	0	0	0	2	0	1	0	0	0	0	0	b	0	0	1	1	0	0	0	0	1	0
20.0	0	0	0	2	0	1	0	0	0	0	0	b	1	0	0	0	1	0	0	0	1	0
22.0	0	0	0	2	0	1	0	0	0	0	0	b	1	0	0	1	0	0	0	0	1	0
24.0	0	0	0	3	0	1	0	0	0	0	1	0	0	0	1	0	1	0	0	0	1	0
26.0	0	0	0	3	0	1	0	0	0	0	1	0	0	0	1	1	0	0	0	0	1	0
28.0	0	0	0	3	0	1	0	0	0	0	1	0	1	0	0	0	1	0	0	0	1	0
30.0	0	0	0	3	0	1	0	0	0	0	1	0	1	0	0	1	0	0	0	0	1	0
32.0	0	0	0	4	0	1	0	0	0	0	1	1	0	0	1	0	1	0	0	0	1	0
34.0	0	0	0	4	0	1	0	0	0	0	1	1	0	0	1	1	0	0	0	0	1	0
36.0	0	0	0	4	0	1	0	0	0	0	1	1	1	0	0	0	1	0	0	0	1	0
38.0	0	0	0	4	0	1	0	0	0	0	1	1	1	0	0	1	0	0	0	0	1	0
40.0	1	1	2	5	0	0	0	0	0	0	0	0	0	0	0	0	1	0	0	0	0	1
42.0	1	1	2	5	0	0	0	0	0	0	0	0	0	0	0	1	0	0	0	0	0	1
44.0	1	1	2	5	0	0	0	0	0	0	0	0	0	0	0	0	1	0	0	0	0	1
46.0	1	1	2	5	0	0	0	0	0	0	0	0	0	0	0	1	0	0	0	0	0	1
48.0	1	1	2	5	0	0	0	0	0	0	0	0	0	0	0	0	1	0	0	0	0	1
50.0	1	1	2	5	0	0	0	0	0	0	0	0	0	0	0	1	0	0	0	0	0	1
52.0	1	1	2	5	0	0	0	0	0	0	0	0	0	0	0	0	1	0	0	0	0	1
54.0	1	1	2	5	0	0	0	0	0	0	0	0	0	0	0	1	0	0	0	0	0	1
56.0	1	1	2	5	0	0	0	0	0	0	0	0	0	0	0	0	1	0	0	0	0	1
58.0	1	1	2	5	0	0	0	0	0	0	0	0	0	0	0	1	0	0	0	0	0	1
60.0	1	1	2	5	0	0	0	0	0	0	0	0	1	0	0	0	1	0	0	0	0	1
62.0	1	1	2	5	0	0	0	0	0	0	0	0	1	0	0	1	0	0	0	0	0	1
64.0	2	3	4	6	0	0	0	0	0	0	0	0	1	0	0	0	1	0	0	0	0	1
66.0	2	3	4	6	0	0	0	0	0	0	0	0	1	0	0	1	0	0	0	0	0	1
68.0	0	0	0	0	0	0	0	0	0	0	0	0	0	0	0	0	1	0	0	0	0	0
70.0	0	0	0	0	0	0	0	0	0	0	0	0	0	0	0	1	0	0	0	0	0	0
72.0	0	0	5	0	0	0	0	0	0	0	0	0	0	1	0	0	1	0	0	0	0	0
74.0	0	0	5	0	0	0	0	0	0	0	0	0	0	1	0	1	0	0	0	0	0	0
76.0	0	0	6	0	0	0	0	0	0	0	0	1	0	1	0	0	1	0	0	0	0	0
78.0	0	0	6	0	0	0	0	0	0	0	0	1	0	1	0	1	0	0	0	0	0	0
80.0	3	3	0	5	1	0	0	0	0	2	0	0	1	0	0	0	1	0	0	1	0	1
82.0	3	3	0	5	1	0	0	0	0	2	0	0	1	0	0	1	0	0	0	1	0	1
84.0	0	2	4	6	0	0	0	0	0	0	0	0	1	0	0	0	1	0	1	0	0	1
86.0	0	2	4	6	0	0	0	0	0	0	0	0	1	0	0	1	0	0	1	0	0	1
88.0	0	5	3	7	0	0	0	0	0	0	0	0	1	0	0	0	1	0	0	0	0	1
90.0	0	5	3	7	0	0	0	0	0	0	0	0	1	0	0	1	0	0	0	0	0	1
92.0	0	0	5	0	0	0	0	0	0	0	0	2	0	1	0	0	1	0	0	0	0	0
94.0	0	0	5	0	0	0	0	0	0	0	0	2	0	1	0	1	0	0	0	0	0	0
96.0	0	0	6	0	0	0	0	0	0	0	0	3	0	1	0	0	1	0	0	0	0	0
98.0	0	0	6	0	0	0	0	0	0	0	0	3	0	1	0	1	0	0	0	0	0	0
100.0	0	0	7	0	0	0	0	0	0	0	0	4	0	1	0	0	1	0	0	0	0	0
102.0	0	0	7	0	0	0	0	0	0	0	0	4	0	1	0	1	0	0	0	0	0	0
104.0	0	0	0	0	0	1	0	0	0	0	0	0	0	0	1	0	1	0	0	0	1	0
106.0	0	0	0	0	0	1	0	0	0	0	0	0	0	0	1	1	0	0	0	0	1	0
108.0	0	0	0	0	0	1	0	0	0	0	0	0	1	0	0	0	1	0	0	0	1	0
110.0	0	0	0	0	0	1	0	0	0	0	0	0	1	0	0	1	0	0	0	0	1	0
112.0	0	0	0	0	0	1	0	0	0	0	0	1	0	0	1	0	1	0	0	0	1	0
114.0	0	0	0	0	0	1	0	0	0	0	0	1	0	0	1	1	0	0	0	0	1	0
116.0	0	0	0	0	0	1	0	0	0	0	0	1	1	0	0	0	1	0	0	0	1	0
118.0	0	0	0	0	0	1	0	0	0	0	0	1	1	0	0	1	0	0	0	0	1	0
120.0	0	0	0	0	0	1	0	0	0	0	0	2	0	0	1	0	1	0	0	0	1	0
122.0	0	0	0	0	0	1	0	0	0	0	0	2	0	0	1	1	0	0	0	0	1	0
124.0	0	0	0	0	0	1	0	0	0	0	0	2	1	0	0	0	1	0	0	0	1	0
126.0	0	0	0	0	0	1	0	0	0	0	0	2	1	0	0	1	0	0	0	0	1	0
128.0	0	0	0	0	0	1	0	0	0	0	0	3	0	0	1	0	1	0	0	0	1	0
130.0	0	0	0	0	0	1	0	0	0	0	0	3	0	0	1	1	0	0	0	0	1	0
132.0	0	0	0	0	0	1	0	0	0	0	0	3	1	0	0	0	1	0	0	0	1	0
134.0	0	0	0	0	0	1	0	0	0	0	0	3	1	0	0	1	0	0	0	0	1	0
136.0	0	0	0	0	0	1	0	0	0	0	0	4	0	0	1	0	1	0	0	0	1	0
138.0	0	0	0	0	0	1	0	0	0	0	0	4	0	0	1	1	0	0	0	0	1	0
140.0	0	0	0	0	0	1	0	0	0	0	0	4	1	0	0	0	1	0	0	0	1	0
142.0	0	0	0	0	0	1	0	0	0	0	0	4	1	0	0	1	0	0	0	0	1	0
144.0	0	0	0	0	0	0	0	0	0	0	0	0	0	0	0	0	1	0	0	0	0	0
146.0	0	0	0	0	0	0	0	0	0	0	0	0	0	0	0	1	0	0	0	0	0	0
148.0	0	0	0	0	0	0	0	0	0	0	0	0	0	0	0	0	1	0	0	0	0	0
150.0	0	0	0	0	0	0	0	0	0	0	0	0	0	0	0	1	0	0	0	0	0	0
152.0	0	0	0	0	0	0	0	0	0	0	0	0	0	0	0	0	1	0	0	0	0	0
154.0	0	0	0	0	0	0	0	0	0	0	0	0	0	0	0	1	0	0	0	0	0	0
156.0	0	0	0	0	0	0	0	0	0	0	0	0	0	0	0	0	1	0	0	0	0	0
158.0	0	0	0	0	0	0	0	0	0	0	0	0	0	0	0	1	0	0	0	0	0	0
160.0	0	0	0	0	0	0	0	0	0	0	0	0	0	0	0	0	1	0	0	0	0	0
162.0	0	0	0	0	0	0	0	0	0	0	0	0	0	0	0	1	0	0	0	0	0	0
