radix	4444	4	1
io	i	i	i
vname	D<[15:0]>	A<[3:0]>	SFR0SFL1
slope	0.01		
vih	1.8		
tunit	ns		
0	8000	0	0
5	8000	1	0
10	8000	2	0
15	8000	3	0
20	8000	4	0
25	8000	5	0
30	8000	6	0
35	8000	7	0
40	8000	8	0
45	8000	9	0
50	8000	a	0
55	8000	b	0
60	8000	c	0
65	8000	d	0
70	8000	e	0
75	8000	f	0
80	7fff	0	0
85	7fff	1	0
90	7fff	2	0
95	7fff	3	0
100	7fff	4	0
105	7fff	5	0
110	7fff	6	0
115	7fff	7	0
120	7fff	8	0
125	7fff	9	0
130	7fff	a	0
135	7fff	b	0
140	7fff	c	0
145	7fff	d	0
150	7fff	e	0
155	7fff	f	0
160	0001	0	1
165	0001	1	1
170	0001	2	1
175	0001	3	1
180	0001	4	1
185	0001	5	1
190	0001	6	1
195	0001	7	1
200	0001	8	1
205	0001	9	1
210	0001	a	1
215	0001	b	1
220	0001	c	1
225	0001	d	1
230	0001	e	1
235	0001	f	1
240	fffe	0	1
245	fffe	1	1
250	fffe	2	1
255	fffe	3	1
260	fffe	4	1
265	fffe	5	1
270	fffe	6	1
275	fffe	7	1
280	fffe	8	1
285	fffe	9	1
290	fffe	a	1
295	fffe	b	1
300	fffe	c	1
305	fffe	d	1
310	fffe	e	1
315	fffe	f	1
