radix	4444	4	1
io	i	i	i
vname	B<[15:0]>	A<[3:0]>	SFR0SFL1
slope	0.01		
vih	1.8		
tunit	ns		
0	0001	0	0
5	0001	1	0
10	0001	2	0
15	0001	3	0
20	0001	4	0
25	0001	5	0
30	0001	6	0
35	0001	7	0
40	0001	8	0
45	0001	9	0
50	0001	a	0
55	0001	b	0
60	0001	c	0
65	0001	d	0
70	0001	e	0
75	0001	f	0
80	0001	0	0
85	fffe	1	0
90	fffe	2	0
95	fffe	3	0
100	fffe	4	0
105	fffe	5	0
110	fffe	6	0
115	fffe	7	0
120	fffe	8	0
125	fffe	9	0
130	fffe	a	0
135	fffe	b	0
140	fffe	c	0
145	fffe	d	0
150	fffe	e	0
155	fffe	f	0
160	0001	0	1
165	0001	1	1
170	0001	2	1
175	0001	3	1
180	0001	4	1
185	0001	5	1
190	0001	6	1
195	0001	7	1
200	0001	8	1
205	0001	9	1
210	0001	a	1
215	0001	b	1
220	0001	c	1
225	0001	d	1
230	0001	e	1
235	0001	f	1
240	0001	0	1
245	fffe	1	1
250	fffe	2	1
255	fffe	3	1
260	fffe	4	1
265	fffe	5	1
270	fffe	6	1
275	fffe	7	1
280	fffe	8	1
285	fffe	9	1
290	fffe	a	1
295	fffe	b	1
300	fffe	c	1
305	fffe	d	1
310	fffe	e	1
315	fffe	f	1
