radix	4	3	3	3	1	1	4	4	4	4	1	4	1	1	1	1	1	1	1	1	1
io	i	i	i	i	i	i	i	i	i	i	i	i	i	i	i	i	i	i	i	i	i
vname	OP<[3:0]>	Sa<[2:0]>	Sb<[2:0]>	Sd<[2:0]>	I_SEL	LOAD	IMM<[15:12]>	IMM<[11:8]>	IMM<[7:4]>	IMM<[3:0]>	MEM_WA<4>	MEM_WA<[3:0]>	RF_WE	WRITE_EN	READ_EN	clk	~clk	ADD0SUB1	AND0OR1	SFR0SFL1	LoadI
slope	0.01
vih	1.8
tunit	ns
0.0	0	0	0	0	1	0	0	0	1	f	0	b	0	1	0	0	1	0	0	0	0
5.0	0	0	0	0	1	0	0	0	1	f	0	b	0	1	0	1	0	0	0	0	0
10.0	0	0	0	0	1	0	0	0	0	f	1	0	0	1	0	0	1	0	0	0	0
15.0	0	0	0	0	1	0	0	0	0	f	1	0	0	1	0	1	0	0	0	0	0
20.0	0	0	0	0	1	0	0	0	f	e	1	1	0	1	0	0	1	0	0	0	0
25.0	0	0	0	0	1	0	0	0	f	e	1	1	0	1	0	1	0	0	0	0	0
30.0	0	0	0	1	1	1	0	0	0	2	0	0	1	0	0	0	1	0	0	0	0
35.0	0	0	0	1	1	1	0	0	0	2	0	0	1	0	0	1	0	0	0	0	0
40.0	0	0	0	2	0	1	0	0	0	0	0	b	0	0	1	0	1	0	0	0	1
45.0	0	0	0	2	0	1	0	0	0	0	0	b	0	0	1	1	0	0	0	0	1
50.0	0	0	0	2	0	1	0	0	0	0	0	b	1	0	1	0	1	0	0	0	1
55.0	0	0	0	2	0	1	0	0	0	0	0	b	1	0	1	1	0	0	0	0	1
60.0	0	0	0	3	0	1	0	0	0	0	1	0	0	0	1	0	1	0	0	0	1
65.0	0	0	0	3	0	1	0	0	0	0	1	0	0	0	1	1	0	0	0	0	1
70.0	0	0	0	3	0	1	0	0	0	0	1	0	1	0	1	0	1	0	0	0	1
75.0	0	0	0	3	0	1	0	0	0	0	1	0	1	0	1	1	0	0	0	0	1
80.0	0	0	0	4	0	1	0	0	0	0	1	1	0	0	1	0	1	0	0	0	1
85.0	0	0	0	4	0	1	0	0	0	0	1	1	0	0	1	1	0	0	0	0	1
90.0	0	0	0	4	0	1	0	0	0	0	1	1	1	0	1	0	1	0	0	0	1
95.0	0	0	0	4	0	1	0	0	0	0	1	1	1	0	1	1	0	0	0	0	1
100.0	1	1	2	5	0	0	0	0	0	0	0	0	0	0	0	0	1	0	0	0	0
105.0	1	1	2	5	0	0	0	0	0	0	0	0	0	0	0	1	0	0	0	0	0
110.0	1	1	2	5	0	0	0	0	0	0	0	0	0	0	0	0	1	0	0	0	0
115.0	1	1	2	5	0	0	0	0	0	0	0	0	0	0	0	1	0	0	0	0	0
120.0	1	1	2	5	0	0	0	0	0	0	0	0	0	0	0	0	1	0	0	0	0
125.0	1	1	2	5	0	0	0	0	0	0	0	0	0	0	0	1	0	0	0	0	0
130.0	1	1	2	5	0	0	0	0	0	0	0	0	0	0	0	0	1	0	0	0	0
135.0	1	1	2	5	0	0	0	0	0	0	0	0	0	0	0	1	0	0	0	0	0
140.0	1	1	2	5	0	0	0	0	0	0	0	0	0	0	0	0	1	0	0	0	0
145.0	1	1	2	5	0	0	0	0	0	0	0	0	0	0	0	1	0	0	0	0	0
150.0	1	1	2	5	0	0	0	0	0	0	0	0	1	0	0	0	1	0	0	0	0
155.0	1	1	2	5	0	0	0	0	0	0	0	0	1	0	0	1	0	0	0	0	0
160.0	2	3	4	6	0	0	0	0	0	0	0	0	1	0	0	0	1	0	0	0	0
165.0	2	3	4	6	0	0	0	0	0	0	0	0	1	0	0	1	0	0	0	0	0
170.0	0	0	0	0	0	0	0	0	0	0	0	0	0	0	0	0	1	0	0	0	0
175.0	0	0	0	0	0	0	0	0	0	0	0	0	0	0	0	1	0	0	0	0	0
180.0	0	0	5	0	0	0	0	0	0	0	0	0	0	1	0	0	1	0	0	0	0
185.0	0	0	5	0	0	0	0	0	0	0	0	0	0	1	0	1	0	0	0	0	0
190.0	0	0	6	0	0	0	0	0	0	0	0	1	0	1	0	0	1	0	0	0	0
195.0	0	0	6	0	0	0	0	0	0	0	0	1	0	1	0	1	0	0	0	0	0
200.0	3	3	0	5	1	0	0	0	0	2	0	0	1	0	0	0	1	0	0	1	0
205.0	3	3	0	5	1	0	0	0	0	2	0	0	1	0	0	1	0	0	0	1	0
210.0	0	2	4	6	0	0	0	0	0	0	0	0	1	0	0	0	1	0	1	0	0
215.0	0	2	4	6	0	0	0	0	0	0	0	0	1	0	0	1	0	0	1	0	0
220.0	0	5	3	7	0	0	0	0	0	0	0	0	1	0	0	0	1	0	0	0	0
225.0	0	5	3	7	0	0	0	0	0	0	0	0	1	0	0	1	0	0	0	0	0
230.0	0	0	5	0	0	0	0	0	0	0	0	2	0	1	0	0	1	0	0	0	0
235.0	0	0	5	0	0	0	0	0	0	0	0	2	0	1	0	1	0	0	0	0	0
240.0	0	0	6	0	0	0	0	0	0	0	0	3	0	1	0	0	1	0	0	0	0
245.0	0	0	6	0	0	0	0	0	0	0	0	3	0	1	0	1	0	0	0	0	0
250.0	0	0	7	0	0	0	0	0	0	0	0	4	0	1	0	0	1	0	0	0	0
255.0	0	0	7	0	0	0	0	0	0	0	0	4	0	1	0	1	0	0	0	0	0
260.0	0	0	0	0	0	1	0	0	0	0	0	0	0	0	1	0	1	0	0	0	1
265.0	0	0	0	0	0	1	0	0	0	0	0	0	0	0	1	1	0	0	0	0	1
270.0	0	0	0	0	0	1	0	0	0	0	0	0	1	0	1	0	1	0	0	0	1
275.0	0	0	0	0	0	1	0	0	0	0	0	0	1	0	1	1	0	0	0	0	1
280.0	0	0	0	0	0	1	0	0	0	0	0	1	0	0	1	0	1	0	0	0	1
285.0	0	0	0	0	0	1	0	0	0	0	0	1	0	0	1	1	0	0	0	0	1
290.0	0	0	0	0	0	1	0	0	0	0	0	1	1	0	1	0	1	0	0	0	1
295.0	0	0	0	0	0	1	0	0	0	0	0	1	1	0	1	1	0	0	0	0	1
300.0	0	0	0	0	0	1	0	0	0	0	0	2	0	0	1	0	1	0	0	0	1
305.0	0	0	0	0	0	1	0	0	0	0	0	2	0	0	1	1	0	0	0	0	1
310.0	0	0	0	0	0	1	0	0	0	0	0	2	1	0	1	0	1	0	0	0	1
315.0	0	0	0	0	0	1	0	0	0	0	0	2	1	0	1	1	0	0	0	0	1
320.0	0	0	0	0	0	1	0	0	0	0	0	3	0	0	1	0	1	0	0	0	1
325.0	0	0	0	0	0	1	0	0	0	0	0	3	0	0	1	1	0	0	0	0	1
330.0	0	0	0	0	0	1	0	0	0	0	0	3	1	0	1	0	1	0	0	0	1
335.0	0	0	0	0	0	1	0	0	0	0	0	3	1	0	1	1	0	0	0	0	1
340.0	0	0	0	0	0	1	0	0	0	0	0	4	0	0	1	0	1	0	0	0	1
345.0	0	0	0	0	0	1	0	0	0	0	0	4	0	0	1	1	0	0	0	0	1
350.0	0	0	0	0	0	1	0	0	0	0	0	4	1	0	1	0	1	0	0	0	1
355.0	0	0	0	0	0	1	0	0	0	0	0	4	1	0	1	1	0	0	0	0	1
360.0	0	0	0	0	0	0	0	0	0	0	0	0	0	0	0	0	1	0	0	0	0
365.0	0	0	0	0	0	0	0	0	0	0	0	0	0	0	0	1	0	0	0	0	0
370.0	0	0	0	0	0	0	0	0	0	0	0	0	0	0	0	0	1	0	0	0	0
375.0	0	0	0	0	0	0	0	0	0	0	0	0	0	0	0	1	0	0	0	0	0
380.0	0	0	0	0	0	0	0	0	0	0	0	0	0	0	0	0	1	0	0	0	0
385.0	0	0	0	0	0	0	0	0	0	0	0	0	0	0	0	1	0	0	0	0	0
390.0	0	0	0	0	0	0	0	0	0	0	0	0	0	0	0	0	1	0	0	0	0
395.0	0	0	0	0	0	0	0	0	0	0	0	0	0	0	0	1	0	0	0	0	0
400.0	0	0	0	0	0	0	0	0	0	0	0	0	0	0	0	0	1	0	0	0	0
405.0	0	0	0	0	0	0	0	0	0	0	0	0	0	0	0	1	0	0	0	0	0
